INSTANCE_NAME                             SOLLUTION  COLLABORATION  FIGHTING_EXPERIENCE  TIME
V2_763                                    723        672            51                   1979667927
V4_763                                    4439       4274           165                  1679744464
V6_763                                    6275       6026           249                  1619572390
V8_763                                    9366       8808           558                  1629285183
V10_763                                   13302      12483          819                  1860290308
V12_763                                   15185      14000          1185                 1527637672
V14_763                                   17795      16343          1452                 1601101037
V16_763                                   21973      20239          1734                 1517581928
V18_763                                   28237      23416          4821                 1531361514
V20_763                                   34101      26646          7455                 1356130453
----------------------------------------
with_budget
----------------------------------------
INSTANCE_NAME                             SOLLUTION  COLLABORATION  FIGHTING_EXPERIENCE  HEROES_TEAM                                                       BUDGET         TIME
V2_763                                    41         41             0                    4,73                                                              1025.54749804  2138474447
V4_763                                    384        381            3                    372,294,257,59                                                    1684.82803249  2441044262
V6_763                                    663        660            3                    102,372,187,257,294,59                                            2434.45692195  2133519667
V8_763                                    635        626            9                    73,292,187,294,59,315,83,313                                      2745.15791124  2236009045
V10_763                                   330        258            72                   166,330,111,192,169,72,113,19                                     3516.16285042  3360395640
V12_763                                   521        476            45                   81,98,37,33,344,376,176,96,88,330                                 4883.55951447  3333617124
V14_763                                   562        475            87                   313,32,255,51,83,166,35,106,265,37,344,111                        6055.61379794  2991029489
V16_763                                   1014       909            105                  50,132,372,96,257,72,113,83,344,32,356,255,58,4                   7178.83248627  2916089501
V18_763                                   2513       1976           537                  356,180,29,35,111,67,365,61,208,44,295,348,81,335,17              7471.84605713  3860742772
V20_763                                   2337       1248           1089                 134,206,73,292,154,151,113,191,301,315,111,276,150,345,344,4,265  8912.4961139   3664156984
